  -0.1900000000000000     
  -0.1800000000000000     
  -0.1700000000000000     
  -0.1600000000000000     
  -0.1500000000000000     
  -0.1400000000000000     
  -0.1300000000000000     
  -0.1200000000000000     
  -0.1100000000000000     
  -9.9999999999999992E-002
  -8.9999999999999997E-002
  -8.0000000000000002E-002
  -7.0000000000000007E-002
  -6.0000000000000005E-002
  -5.0000000000000003E-002
  -4.0000000000000001E-002
  -2.9999999999999999E-002
  -2.0000000000000000E-002
  -1.0000000000000000E-002
   0.0000000000000000E+000
   1.0000000000000000E-002
   2.0000000000000000E-002
   2.9999999999999999E-002
   4.0000000000000001E-002
   5.0000000000000003E-002
   6.0000000000000005E-002
   7.0000000000000007E-002
   8.0000000000000002E-002
   8.9999999999999997E-002
   9.9999999999999992E-002
   0.1100000000000000     
   0.1200000000000000     
   0.1300000000000000     
   0.1400000000000000     
   0.1500000000000000     
   0.1600000000000000     
   0.1700000000000000     
   0.1800000000000000     
   0.1900000000000000     
   0.2000000000000000     
   0.2100000000000000     
   0.2200000000000001     
   0.2300000000000001     
   0.2400000000000001     
   0.2500000000000001     
   0.2600000000000001     
   0.2700000000000001     
   0.2800000000000001     
   0.2900000000000001     
   0.3000000000000001     
   0.3100000000000001     
   0.3200000000000001     
   0.3300000000000001     
   0.3400000000000001     
   0.3500000000000001     
   0.3600000000000002     
   0.3700000000000002     
   0.3800000000000002     
   0.3900000000000002     
   0.4000000000000002     
   0.4100000000000002     
   0.4200000000000002     
   0.4300000000000002     
   0.4400000000000002     
   0.4500000000000002     
   0.4600000000000002     
   0.4700000000000003     
   0.4800000000000003     
   0.4900000000000003     
   0.5000000000000002     
   0.5100000000000002     
   0.5200000000000002     
   0.5300000000000002     
   0.5400000000000003     
   0.5500000000000003     
   0.5600000000000003     
   0.5700000000000003     
   0.5800000000000003     
   0.5900000000000003     
   0.6000000000000003     
   0.6100000000000003     
   0.6200000000000003     
   0.6300000000000003     
   0.6400000000000003     
   0.6500000000000004     
   0.6600000000000004     
   0.6700000000000004     
   0.6800000000000004     
   0.6900000000000004     
   0.7000000000000004     
   0.7100000000000004     
   0.7200000000000004     
   0.7300000000000004     
   0.7400000000000004     
   0.7500000000000004     
   0.7600000000000005     
   0.7700000000000005     
   0.7800000000000005     
   0.7900000000000005     
   0.8000000000000005     
   0.8110000000000005     
   0.8220000000000005     
   0.8330000000000005     
   0.8440000000000005     
   0.8550000000000005     
   0.8660000000000005     
   0.8770000000000006     
   0.8880000000000006     
   0.8990000000000006     
   0.9100000000000006     
   0.9210000000000006     
   0.9320000000000006     
   0.9430000000000006     
   0.9540000000000006     
   0.9650000000000006     
   0.9760000000000006     
   0.9870000000000007     
   0.9980000000000007     
    1.009000000000001     
    1.020000000000000     
    1.031000000000000     
    1.042000000000000     
    1.053000000000000     
    1.064000000000000     
    1.075000000000000     
    1.086000000000000     
    1.097000000000000     
    1.108000000000000     
    1.119000000000000     
    1.129999999999999     
    1.140999999999999     
    1.151999999999999     
    1.162999999999999     
    1.173999999999999     
    1.184999999999999     
    1.195999999999999     
    1.206999999999999     
    1.217999999999999     
    1.228999999999999     
    1.239999999999998     
    1.250999999999998     
    1.261999999999998     
    1.272999999999998     
    1.283999999999998     
    1.294999999999998     
    1.305999999999998     
    1.316999999999998     
    1.327999999999998     
    1.338999999999998     
    1.349999999999997     
    1.360999999999997     
    1.371999999999997     
    1.382999999999997     
    1.393999999999997     
    1.404999999999997     
    1.415999999999997     
    1.426999999999997     
    1.437999999999997     
    1.448999999999997     
    1.459999999999996     
    1.470999999999996     
    1.481999999999996     
    1.492999999999996     
    1.503999999999996     
    1.514999999999996     
    1.525999999999996     
    1.536999999999996     
    1.547999999999996     
    1.558999999999996     
    1.569999999999995     
    1.580999999999995     
    1.591999999999995     
    1.602999999999995     
    1.613999999999995     
    1.624999999999995     
    1.635999999999995     
    1.646999999999995     
    1.657999999999995     
    1.668999999999994     
    1.679999999999994     
    1.690999999999994     
    1.701999999999994     
    1.712999999999994     
    1.723999999999994     
    1.734999999999994     
    1.745999999999994     
    1.756999999999994     
    1.767999999999994     
    1.778999999999993     
    1.789999999999993     
    1.800999999999993     
    1.811999999999993     
    1.822999999999993     
    1.833999999999993     
    1.844999999999993     
    1.855999999999993     
    1.866999999999993     
    1.877999999999993     
    1.888999999999992     
    1.899999999999992     
    1.910999999999992     
    1.921999999999992     
    1.932999999999992     
    1.943999999999992     
    1.954999999999992     
    1.965999999999992     
    1.976999999999992     
    1.987999999999992     
    1.998999999999991     
    2.009999999999991     
    2.020999999999991     
    2.031999999999992     
    2.042999999999992     
    2.053999999999992     
    2.064999999999992     
    2.075999999999992     
    2.086999999999992     
    2.097999999999992     
    2.108999999999992     
    2.119999999999993     
    2.130999999999993     
    2.141999999999993     
    2.152999999999993     
    2.163999999999993     
    2.174999999999993     
    2.185999999999993     
    2.196999999999993     
    2.207999999999994     
    2.218999999999994     
    2.229999999999994     
    2.240999999999994     
    2.251999999999994     
    2.262999999999994     
    2.273999999999994     
    2.284999999999994     
    2.295999999999994     
    2.306999999999995     
    2.317999999999995     
    2.328999999999995     
    2.339999999999995     
    2.350999999999995     
    2.361999999999995     
    2.372999999999995     
    2.383999999999995     
    2.394999999999996     
    2.405999999999996     
    2.416999999999996     
    2.427999999999996     
    2.438999999999996     
    2.449999999999996     
    2.460999999999996     
