   0.0000000000000000E+000
   1.0000000000000000E-004
   2.0420000000000003E-004
   3.1277640000000004E-004
   4.2591300880000005E-004
   5.4380135516960012E-004
   6.6664101208672338E-004
   7.9463993459436585E-004
   9.2801481184732928E-004
   1.0669914339449171E-003
   1.2118050741706037E-003
   1.3627008872857691E-003
   1.5199343245517714E-003
   1.6837715661829459E-003
   1.8544899719626297E-003
   2.0323785507850604E-003
   2.2177384499180329E-003
   2.4108834648145904E-003
   2.6121405703368032E-003
   2.8218504742909488E-003
   3.0403681942111687E-003
   3.2680636583680379E-003
   3.5053223320194956E-003
   3.7525458699643145E-003
   4.0101527965028163E-003
   4.2785792139559348E-003
   4.5582795409420847E-003
   4.8497272816616522E-003
   5.1534158274914414E-003
   5.4698592922460820E-003
   5.7995933825204177E-003
   6.1431763045862757E-003
   6.5011897093788995E-003
   6.8742396771728134E-003
   7.2629577436140718E-003
   7.6680019688458636E-003
   8.0900580515373896E-003
   8.5298404897019599E-003
   8.9880937902694427E-003
   9.4655937294607605E-003
   9.9631486660981122E-003
   1.0481600910074234E-002
   1.1021828148297353E-002
   1.1584744930525841E-002
   1.2171304217607927E-002
   1.2782498994747461E-002
   1.3419363952526856E-002
   1.4082977238532985E-002
   1.4774462282551372E-002
   1.5494989698418530E-002
   1.6245779265752110E-002
   1.7028101994913700E-002
   1.7843282278700075E-002
   1.8692700134405479E-002
   1.9577793540050511E-002
   2.0500060868732631E-002
   2.1461063425219404E-002
   2.2462428089078619E-002
   2.3505850068819924E-002
   2.4593095771710361E-002
   2.5726005794122198E-002
   2.6906498037475333E-002
   2.8136570955049296E-002
   2.9418306935161367E-002
   3.0753875826438144E-002
   3.2145538611148550E-002
   3.3595651232816791E-002
   3.5106668584595095E-002
   3.6681148665148093E-002
   3.8321756909084313E-002
   4.0031270699265854E-002
   4.1812584068635021E-002
   4.3668712599517691E-002
   4.5602798528697433E-002
   4.7618116066902728E-002
   4.9718076941712645E-002
   5.1906236173264578E-002
   5.4186298092541690E-002
   5.6562122612428441E-002
   5.9037731762150436E-002
   6.1617316496160757E-002
   6.4305243788999517E-002
   6.7106064028137499E-002
   7.0024518717319281E-002
   7.3065548503446695E-002
   7.6234301540591465E-002
   7.9536142205296312E-002
   8.2976660177918757E-002
   8.6561679905391348E-002
   9.0297270461417792E-002
   9.4189755820797347E-002
   9.8245725565270836E-002
   0.1024720460390122     
   0.1068758719726507     
   0.1114646585955021     
   0.1162461742565132     
   0.1212285135752867     
   0.1264201111454487     
   0.1318297558135576     
   0.1374666055577270     
   0.1433402029911515     
   0.1494604915167799     
   0.1558378321604847     
   0.1624830211112250     
   0.1694073079978965     
   0.1766224149338081     
   0.1841405563610281     
   0.1919744597281913     
   0.2001373870367753     
   0.2086431572923199     
   0.2175061698985974     
   0.2267414290343385     
   0.2363645690537807     
   0.2463918809540395     
   0.2568403399541092     
   0.2677276342321818     
   0.2790721948699334     
   0.2908932270544706     
   0.3032107425907584     
   0.3155282581270462     
   0.3278457736633340     
   0.3401632891996218     
   0.3524808047359096     
   0.3647983202721974     
   0.3771158358084852     
   0.3894333513447730     
   0.4017508668810608     
   0.4140683824173486     
   0.4263858979536364     
   0.4387034134899241     
   0.4510209290262119     
   0.4633384445624997     
   0.4756559600987875     
   0.4879734756350753     
   0.5002909911713631     
   0.5126085067076509     
   0.5249260222439387     
   0.5372435377802265     
   0.5495610533165143     
   0.5618785688528021     
   0.5741960843890899     
   0.5865135999253777     
   0.5988311154616655     
   0.6111486309979532     
   0.6234661465342410     
   0.6357836620705288     
   0.6481011776068166     
   0.6604186931431044     
   0.6727362086793922     
   0.6850537242156800     
   0.6973712397519678     
   0.7096887552882556     
   0.7220062708245434     
   0.7343237863608312     
   0.7466413018971190     
   0.7589588174334068     
   0.7712763329696946     
   0.7835938485059823     
   0.7959113640422701     
   0.8082288795785579     
   0.8205463951148457     
   0.8328639106511335     
   0.8451814261874213     
   0.8574989417237091     
   0.8698164572599969     
   0.8821339727962847     
   0.8944514883325725     
   0.9067690038688603     
   0.9190865194051481     
   0.9314040349414359     
   0.9437215504777237     
   0.9560390660140115     
   0.9683565815502992     
   0.9806740970865870     
   0.9929916126228748     
    1.005309128159163     
    1.017626643695450     
    1.029944159231738     
    1.042261674768026     
    1.054579190304314     
    1.066896705840602     
    1.079214221376889     
    1.091531736913177     
    1.103849252449465     
    1.116166767985753     
    1.128484283522041     
    1.140801799058328     
    1.153119314594616     
    1.165436830130904     
    1.177754345667192     
    1.190071861203480     
    1.202389376739767     
    1.214706892276055     
    1.227024407812343     
    1.239341923348631     
    1.251659438884918     
    1.263976954421206     
    1.276294469957494     
    1.288611985493782     
