X	Y	Z	U	V	W	K	Epsilon
0	0	0	0	0	0	0.001681095	10.78650761
0	0.00064	0	0.196898474	-1.04E-10	0	0.002157214	0.073876745
0	0.00128	0	0.244303201	-1.08E-11	0	0.002256182	0.036539191
0	0.00192	0	0.271694396	1.55E-09	0	0.002271918	0.024214545
0	0.00256	0	0.291147619	1.19E-09	0	0.002267806	0.018072555
0	0.0032	0	0.306294681	5.93E-10	0	0.002256067	0.014397082
0	0.00384	0	0.318752673	-8.73E-10	0	0.002240725	0.011943317
0	0.00448	0	0.329329539	-2.67E-09	0	0.002223418	0.010197634
0	0.00512	0	0.338543176	-3.24E-09	0	0.002204992	0.008888678
0	0.00576	0	0.346727481	-6.25E-09	0	0.002185895	0.007867689
0	0.0064	0	0.354095108	-7.66E-09	0	0.002166381	0.007049351
0	0.00704	0	0.360802466	-8.67E-09	0	0.002146609	0.006378187
0	0.00768	0	0.366976589	-7.02E-09	0	0.00212668	0.005815198
0	0.00832	0	0.37265018	-4.61E-09	0	0.002106654	0.005344571
0	0.00896	0	0.377968832	-3.63E-09	0	0.002086588	0.004934269
0	0.0096	0	0.382915721	-3.52E-09	0	0.002066509	0.004582522
0	0.01024	0	0.387575578	-5.58E-09	0	0.00204644	0.004272738
0	0.01088	0	0.39198225	-7.85E-09	0	0.002026395	0.003997663
0	0.01152	0	0.39615847	-9.60E-09	0	0.002006387	0.003752315
0	0.01216	0	0.400125082	-1.11E-08	0	0.001986425	0.003532443
0	0.0128	0	0.403901175	-1.46E-08	0	0.001966514	0.003334417
0	0.01344	0	0.407504275	-1.61E-08	0	0.001946661	0.003155147
0	0.01408	0	0.41095041	-1.32E-08	0	0.001926869	0.002992
0	0.01472	0	0.414254253	-1.28E-08	0	0.001907139	0.002842737
0	0.01536	0	0.417429229	-1.66E-08	0	0.001887473	0.002705456
0	0.016	0	0.420487614	-2.05E-08	0	0.001867871	0.002578543
0	0.01664	0	0.423440629	-2.27E-08	0	0.001848331	0.002460627
0	0.01728	0	0.426298524	-2.31E-08	0	0.001828852	0.002350549
0	0.01792	0	0.429044014	-2.35E-08	0	0.001809451	0.002249315
0	0.01856	0	0.431697145	-2.31E-08	0	0.001790121	0.00215497
0	0.0192	0	0.4342786	-2.21E-08	0	0.00177085	0.002065799
0	0.01984	0	0.436791618	-2.03E-08	0	0.001751636	0.001981467
0	0.02048	0	0.439200612	-1.92E-08	0	0.00173252	0.00190411
0	0.02112	0	0.441557106	-1.81E-08	0	0.001713457	0.001830103
0	0.02176	0	0.443858472	-1.69E-08	0	0.001694451	0.001759599
0	0.0224	0	0.446069563	-1.47E-08	0	0.001675547	0.001694529
0	0.02304	0	0.448243783	-1.37E-08	0	0.001656688	0.001631588
0	0.02368	0	0.450351717	-1.55E-08	0	0.001637912	0.001572426
0	0.02432	0	0.452403167	-1.91E-08	0	0.001619214	0.001516314
0	0.02496	0	0.454420486	-2.38E-08	0	0.001600564	0.001462043
0	0.0256	0	0.456360902	-2.64E-08	0	0.001582031	0.001411702
0	0.02624	0	0.45828442	-2.88E-08	0	0.001563526	0.001362204
0	0.02688	0	0.460131277	-3.20E-08	0	0.001545152	0.001316411
0	0.02752	0	0.461960823	-3.53E-08	0	0.001526812	0.001271409
0	0.02816	0	0.46372728	-3.89E-08	0	0.001508592	0.001229289
0	0.0288	0	0.465471786	-4.15E-08	0	0.001490419	0.001188117
0	0.02944	0	0.467160722	-4.19E-08	0	0.001472365	0.001149344
0	0.03008	0	0.468828295	-4.15E-08	0	0.001454363	0.001111442
0	0.03072	0	0.470442333	-3.90E-08	0	0.00143649	0.001075723
0	0.03136	0	0.472040327	-3.66E-08	0	0.00141866	0.001040621
0	0.032	0	0.473581825	-3.41E-08	0	0.001400985	0.001007694
0	0.03264	0	0.475116925	-3.21E-08	0	0.001383329	0.000975
0	0.03328	0	0.476587972	-3.37E-08	0	0.001365871	0.000944631
0	0.03392	0	0.478059018	-3.52E-08	0	0.001348412	0.000914263
0	0.03456	0	0.479468731	-3.91E-08	0	0.001331168	0.000885994
0	0.0352	0	0.480871183	-4.32E-08	0	0.001313949	0.000857975
0	0.03584	0	0.482231342	-4.56E-08	0	0.001296898	0.000831321
0	0.03648	0	0.483566805	-4.69E-08	0	0.001279945	0.000805465
0	0.03712	0	0.484882386	-4.73E-08	0	0.001263081	0.000780214
0	0.03776	0	0.48615219	-4.52E-08	0	0.001246423	0.000756356
0	0.0384	0	0.487421994	-4.32E-08	0	0.001229765	0.000732499
0	0.03904	0	0.488633107	-4.25E-08	0	0.001213406	0.000710325
0	0.03968	0	0.489838355	-4.19E-08	0	0.001197078	0.00068832
0	0.04032	0	0.491014862	-4.18E-08	0	0.001180916	0.000667093
0	0.04096	0	0.492156415	-4.20E-08	0	0.001164956	0.000646812
0	0.0416	0	0.493297968	-4.23E-08	0	0.001148996	0.000626531
0	0.04224	0	0.49438085	-4.11E-08	0	0.001133419	0.00060775
0	0.04288	0	0.495459324	-3.98E-08	0	0.00111787	0.000589081
0	0.04352	0	0.496516039	-3.84E-08	0	0.001102482	0.000570937
0	0.04416	0	0.497531833	-3.67E-08	0	0.001087395	0.000553781
0	0.0448	0	0.498547628	-3.50E-08	0	0.001072307	0.000536626
0	0.04544	0	0.499519441	-3.27E-08	0	0.001057582	0.000520476
0	0.04608	0	0.500472756	-3.01E-08	0	0.001043009	0.000504748
0	0.04672	0	0.50142607	-2.76E-08	0	0.001028435	0.00048902
0	0.04736	0	0.502316791	-2.81E-08	0	0.001014436	0.000474649
0	0.048	0	0.503207652	-2.85E-08	0	0.001000435	0.000460275
0	0.04864	0	0.504083228	-2.89E-08	0	0.00098659	0.000446215
0	0.04928	0	0.5049115	-2.92E-08	0	0.000973224	0.000433129
0	0.04992	0	0.505739773	-2.95E-08	0	0.000959858	0.000420044
0	0.05056	0	0.506540904	-2.84E-08	0	0.000946795	0.00040749
0	0.0512	0	0.507306375	-2.56E-08	0	0.000934129	0.000395635
0	0.05184	0	0.508071846	-2.27E-08	0	0.000921463	0.00038378
0	0.05248	0	0.508801478	-2.19E-08	0	0.000909232	0.000372596
0	0.05312	0	0.509503929	-2.26E-08	0	0.000897332	0.000361921
0	0.05376	0	0.510206381	-2.33E-08	0	0.000885432	0.000351246
0	0.0544	0	0.510867308	-2.55E-08	0	0.000874078	0.000341315
0	0.05504	0	0.511506524	-2.84E-08	0	0.00086301	0.000331772
0	0.05568	0	0.51214574	-3.14E-08	0	0.000851941	0.00032223
0	0.05632	0	0.512740675	-3.36E-08	0	0.000841498	0.000313449
0	0.05696	0	0.513316552	-3.55E-08	0	0.000831324	0.000304995
0	0.0576	0	0.513892429	-3.74E-08	0	0.000821149	0.000296542
0	0.05824	0	0.51442405	-3.65E-08	0	0.000811641	0.00028882
0	0.05888	0	0.514936647	-3.43E-08	0	0.000802418	0.000281412
0	0.05952	0	0.515449245	-3.22E-08	0	0.000793195	0.000274005
0	0.06016	0	0.515920182	-2.75E-08	0	0.000784634	0.000267261
0	0.0608	0	0.516369752	-2.15E-08	0	0.000776413	0.000260858
0	0.06144	0	0.516819322	-1.56E-08	0	0.000768192	0.000254455
0	0.06208	0	0.517232142	-1.29E-08	0	0.000760583	0.000248618
0	0.06272	0	0.51761918	-1.24E-08	0	0.000753404	0.000243178
0	0.06336	0	0.518006218	-1.20E-08	0	0.000746225	0.000237738
0	0.064	0	0.51836336	-1.15E-08	0	0.000739566	0.000232744
0	0.06464	0	0.518688553	-1.10E-08	0	0.00073346	0.000228227
0	0.06528	0	0.519013745	-1.04E-08	0	0.000727355	0.00022371
0	0.06592	0	0.519317458	-8.47E-09	0	0.000721635	0.000219504
0	0.06656	0	0.519581661	-3.95E-09	0	0.000716625	0.000215871
0	0.0672	0	0.519845865	5.62E-10	0	0.000711614	0.000212238
0	0.06784	0	0.520098156	4.31E-09	0	0.000706824	0.000208774
0	0.06848	0	0.520302301	4.93E-09	0	0.000702921	0.00020599
0	0.06912	0	0.520506447	5.56E-09	0	0.000699019	0.000203206
0	0.06976	0	0.52070904	6.16E-09	0	0.000695146	0.000200444
0	0.0704	0	0.520854	5.84E-09	0	0.000692359	0.00019848
0	0.07104	0	0.520998959	5.51E-09	0	0.000689572	0.000196516
0	0.07168	0	0.521143919	5.18E-09	0	0.000686784	0.000194552
0	0.07232	0	0.521239768	5.17E-09	0	0.000684936	0.000193257
0	0.07296	0	0.521326284	5.23E-09	0	0.000683266	0.00019209
0	0.0736	0	0.521412799	5.28E-09	0	0.000681597	0.000190922
0	0.07424	0	0.521461935	6.83E-09	0	0.000680648	0.000190259
0	0.07488	0	0.52149051	9.20E-09	0	0.000680096	0.000189874
0	0.07552	0	0.521519085	1.16E-08	0	0.000679544	0.000189489
0	0.07616	0	0.521521928	1.50E-08	0	0.00067949	0.00018945
0	0.0768	0	0.52149272	1.97E-08	0	0.000680056	0.000189842
0	0.07744	0	0.521463512	2.43E-08	0	0.000680623	0.000190235
0	0.07808	0	0.521420076	2.77E-08	0	0.000681463	0.000190819
0	0.07872	0	0.521332912	2.69E-08	0	0.000683147	0.000191993
0	0.07936	0	0.521245749	2.60E-08	0	0.000684831	0.000193168
0	0.08	0	0.521155644	2.50E-08	0	0.000686571	0.000194383
0	0.08064	0	0.521010048	2.03E-08	0	0.000689373	0.000196354
0	0.08128	0	0.520864453	1.56E-08	0	0.000692174	0.000198325
0	0.08192	0	0.520718857	1.09E-08	0	0.000694975	0.000200296
0	0.08256	0	0.520522115	9.02E-09	0	0.00069874	0.000202976
0	0.0832	0	0.520317349	7.65E-09	0	0.000702655	0.000205766
0	0.08384	0	0.520112584	6.27E-09	0	0.000706571	0.000208557
0	0.08448	0	0.519866246	5.31E-09	0	0.000711254	0.000211935
0	0.08512	0	0.519601428	4.55E-09	0	0.000716277	0.000215575
0	0.08576	0	0.51933661	3.78E-09	0	0.0007213	0.000219215
0	0.0864	0	0.519038964	2.74E-09	0	0.000726913	0.000223331
0	0.08704	0	0.518713177	1.47E-09	0	0.000733031	0.000227855
0	0.08768	0	0.51838739	2.07E-10	0	0.000739148	0.000232379
0	0.08832	0	0.518036421	2.77E-10	0	0.000745703	0.000237279
0	0.08896	0	0.517648797	2.29E-09	0	0.000752893	0.000242725
0	0.0896	0	0.517261174	4.31E-09	0	0.000760084	0.000248172
0	0.09024	0	0.516854614	6.35E-09	0	0.000767589	0.00025391
0	0.09088	0	0.516404482	8.45E-09	0	0.000775821	0.000260319
0	0.09152	0	0.515954349	1.05E-08	0	0.000784053	0.000266729
0	0.09216	0	0.515489755	1.19E-08	0	0.000792514	0.000273368
0	0.0928	0	0.514976642	1.05E-08	0	0.000801746	0.000280782
0	0.09344	0	0.514463529	9.15E-09	0	0.000810978	0.000288195
0	0.09408	0	0.51393832	7.63E-09	0	0.000820392	0.000295808
0	0.09472	0	0.513361951	5.43E-09	0	0.000830574	0.000304267
0	0.09536	0	0.512785582	3.23E-09	0	0.000840757	0.000312726
0	0.096	0	0.51219709	1.70E-09	0	0.00085111	0.000321394
0	0.09664	0	0.511557421	2.99E-09	0	0.000862185	0.000330941
0	0.09728	0	0.510917751	4.28E-09	0	0.00087326	0.000340488
0	0.09792	0	0.510263295	5.78E-09	0	0.00088453	0.0003503
0	0.09856	0	0.509560424	7.97E-09	0	0.000896435	0.000360979
0	0.0992	0	0.508857553	1.02E-08	0	0.000908341	0.000371659
0	0.09984	0	0.508134405	1.22E-08	0	0.000920493	0.000382718
0	0.10048	0	0.507368549	1.39E-08	0	0.000933163	0.000394577
0	0.10112	0	0.506602693	1.55E-08	0	0.000945833	0.000406435
0	0.10176	0	0.505808071	1.72E-08	0	0.000958824	0.000418858
0	0.1024	0	0.50497947	1.89E-08	0	0.000972193	0.000431947
0	0.10304	0	0.504150869	2.06E-08	0	0.000985561	0.000445036
0	0.10368	0	0.503281841	2.13E-08	0	0.00099934	0.000458957
0	0.10432	0	0.502390699	2.13E-08	0	0.001013342	0.000473334
0	0.10496	0	0.501499557	2.14E-08	0	0.001027345	0.000487711
0	0.1056	0	0.500552957	1.93E-08	0	0.001041855	0.000503289
0	0.10624	0	0.499599389	1.70E-08	0	0.001056429	0.000519019
0	0.10688	0	0.49863416	1.48E-08	0	0.001071099	0.000535015
0	0.10752	0	0.497618134	1.27E-08	0	0.001086186	0.000552172
0	0.10816	0	0.496602109	1.07E-08	0	0.001101273	0.000569328
0	0.1088	0	0.495552036	1.10E-08	0	0.00111661	0.000587308
0	0.10944	0	0.494473363	1.33E-08	0	0.001132157	0.000605977
0	0.11008	0	0.493394689	1.56E-08	0	0.001147704	0.000624647
0	0.11072	0	0.492255464	1.96E-08	0	0.001163646	0.000644865
0	0.11136	0	0.491113748	2.36E-08	0	0.001179605	0.000665146
0	0.112	0	0.489944054	2.77E-08	0	0.001195724	0.000686185
0	0.11264	0	0.488738664	3.22E-08	0	0.00121205	0.000708189
0	0.11328	0	0.487533274	3.66E-08	0	0.001228376	0.000730194
0	0.11392	0	0.486264556	3.60E-08	0	0.001245024	0.000754017
0	0.11456	0	0.484994643	3.53E-08	0	0.001261679	0.000777874
0	0.1152	0	0.483686158	3.25E-08	0	0.001278507	0.000802906
0	0.11584	0	0.482350628	2.83E-08	0	0.001295457	0.000828761
0	0.11648	0	0.480997732	2.56E-08	0	0.001312475	0.000855177
0	0.11712	0	0.479595224	2.71E-08	0	0.001329689	0.000883195
0	0.11776	0	0.478192717	2.86E-08	0	0.001346904	0.000911213
0	0.1184	0	0.476721881	3.11E-08	0	0.001364357	0.000941572
0	0.11904	0	0.475250804	3.37E-08	0	0.001381811	0.000971939
0	0.11968	0	0.473723398	3.50E-08	0	0.001399438	0.001004351
0	0.12032	0	0.472181892	3.60E-08	0	0.001417108	0.001037276
0	0.12096	0	0.470591833	3.61E-08	0	0.00143491	0.001072069
0	0.1216	0	0.468977798	3.56E-08	0	0.001452778	0.001107786
0	0.12224	0	0.467318432	3.38E-08	0	0.001470755	0.001145351
0	0.12288	0	0.465629519	3.11E-08	0	0.001488803	0.001184122
0	0.12352	0	0.463893525	2.85E-08	0	0.001506951	0.001224925
0	0.12416	0	0.462127111	2.60E-08	0	0.001525165	0.001267042
0	0.1248	0	0.460306411	2.35E-08	0	0.001543483	0.001311639
0	0.12544	0	0.45845961	2.09E-08	0	0.00156185	0.001357428
0	0.12608	0	0.456545295	1.85E-08	0	0.001580333	0.00140648
0	0.12672	0	0.454614458	1.61E-08	0	0.001598844	0.001456332
0	0.12736	0	0.45259722	1.54E-08	0	0.001617488	0.001510598
0	0.128	0	0.450555762	1.48E-08	0	0.001636165	0.001566171
0	0.12864	0	0.448447909	1.45E-08	0	0.001654934	0.001625328
0	0.12928	0	0.446284124	1.31E-08	0	0.001673773	0.001687674
0	0.12992	0	0.444081698	1.10E-08	0	0.00169266	0.001752223
0	0.13056	0	0.441782704	8.47E-09	0	0.001711656	0.001822586
0	0.1312	0	0.439437653	6.18E-09	0	0.0017307	0.001895868
0	0.13184	0	0.437033041	4.26E-09	0	0.001749805	0.001972935
0	0.13248	0	0.434527773	2.70E-09	0	0.001769003	0.00205675
0	0.13312	0	0.431958873	1.92E-09	0	0.001788256	0.002145036
0	0.13376	0	0.429318906	1.96E-09	0	0.001807568	0.002238402
0	0.1344	0	0.426573574	2.41E-09	0	0.001826961	0.002339627
0	0.13504	0	0.423729511	1.73E-09	0	0.001846422	0.002448621
0	0.13568	0	0.420791022	1.04E-09	0	0.001865944	0.002565337
0	0.13632	0	0.417747899	1.51E-09	0	0.001885529	0.002690921
0	0.13696	0	0.414588963	4.20E-09	0	0.001905178	0.002826728
0	0.1376	0	0.411302001	8.21E-09	0	0.001924892	0.002974357
0	0.13824	0	0.407865456	1.17E-08	0	0.001944671	0.00313653
0	0.13888	0	0.404276676	1.38E-08	0	0.001964509	0.003314308
0	0.13952	0	0.400523393	1.43E-08	0	0.001984403	0.003509819
0	0.14016	0	0.396587032	1.36E-08	0	0.002004348	0.003726129
0	0.1408	0	0.392432695	1.19E-08	0	0.002024342	0.003968717
0	0.14144	0	0.3880491	9.62E-09	0	0.002044373	0.004240724
0	0.14208	0	0.383413598	7.82E-09	0	0.00206443	0.004547094
0	0.14272	0	0.378501504	7.38E-09	0	0.002084498	0.004893616
0	0.14336	0	0.373229125	4.70E-09	0	0.002104555	0.005296443
0	0.144	0	0.367588927	-1.49E-09	0	0.002124573	0.005761242
0	0.14464	0	0.36147687	-5.75E-09	0	0.002144503	0.0063125
0	0.14528	0	0.354842427	-5.66E-09	0	0.002164286	0.006968349
0	0.14592	0	0.347556371	-1.08E-09	0	0.002183823	0.007767604
0	0.14656	0	0.339463409	-9.09E-10	0	0.002202956	0.008764773
0	0.1472	0	0.330377122	-7.97E-10	0	0.002221459	0.010036077
0	0.14784	0	0.319952884	-7.60E-09	0	0.002238883	0.011730293
0	0.14848	0	0.307757818	-9.41E-09	0	0.002254507	0.014078233
0	0.14912	0	0.292957772	-5.23E-09	0	0.002266741	0.017581992
0	0.14976	0	0.274092702	-2.86E-09	0	0.002272	0.02335078
0	0.1504	0	0.247882813	-1.86E-10	0	0.002259646	0.034624176
0	0.15104	0	0.204047236	7.60E-10	0	0.002178982	0.066516567
0	0.15168	0	0.048114376	1.72E-10	0	0.000776629	0.658219926
0	0.15175	0	0	0	0	0.001681095	10.78650761
